Mg	15024.997	-113.5	15023.7	  15026
Mg	15040.246	-113.5	15039	  15041.5
Mg	15047.714	-113.7	15047	  15048.15
Fe	15051.7  	-114.3	15051	  15052.3
Ca	15057.099	-113.8	15056.7	  15057.45
Ti	15117.311	-113.9	15116.9	  15117.7
OH	15129.663	-112.8	15129.3	  15130.1
OH	15130.921	-113.2	15130.5	  15131.4
OH	15145.77	-113.3	15145.35  15146.15
OH	15147.939	-113.9	15147.5	  15148.25
Mn	15159.158	-113.4	15158.5	  15159.7
K	15163.067	-113.5	15162.5	  15163.85
K	15168.376	-114.1	15167.7	  15168.9
Fe	15207.526	-114	15206.7	  15208.4
Fe	15244.973	-113.3	15244.25  15245.6
Mn	15262.415	-113.6	15261.8	  15262.9
OH	15264.604	-113.9	15264.2	  15265.15
OH	15266.168	-113.6	15265.8	  15266.5
OH	15278.524	-113.3	15278.15  15278.9
OH	15281.052	-113.6	15280.65  15281.45
OH	15283.572	-113.5	15283.2	  15284.05
Fe	15294.56	-113.5	15293.7	  15295.25
OH	15391.056	-113.5	15390.7	  15391.6
OH	15409.172	-113.7	15408.8	  15409.55
OH	15419.461	-113.7	15418.9	  15419.85
OH	15422.366	-114	15421.8	  15422.75
Fe	15490.337	-113.7	15490	  15490.8
OH	15535.462	-113.9	15535.1	  15535.8
OH	15536.706	-113.7	15536.4	  15537.1
Ti	15543.761	-113.7	15543.3	  15544.3
OH	15558.023	-113.4	15557.6	  15558.45
OH	15560.244	-114.1	15559.8	  15560.6
OH	15565.817	-114.1	15565.5	  15566.4
OH	15568.78	-113.7	15568.4	  15569.2
OH	15572.084	-113.7	15571.7	  15572.5
Fe	15591.49	-113.7	15590.7	  15592.3
Ti	15602.842	-113.7	15602.35  15603.3
Fe	15604.22	-113.6	15603.55  15604.95
Fe	15621.654	-113.2	15620.95  15622.6
Fe	15631.947	-113	15631.25  15632.55
Fe	15648.51	-113.5	15647.9	  15649.1
OH	15651.896	-113.8	15651.4	  15652.3
Cr	15680.06	-113.4	15679.3	  15680.6
Ti	15715.573	-113.7	15715	  15716.1
OH	15717.119	-114.5	15716.65  15717.6
OH	15719.696	-113.5	15719.2	  15720.1
OH	15726.716	-113.5	15726.2	  15727.2
Mg	15740.706	-113.6	15739.8	  15741.4
Mg	15748.988	-113.5	15747.9	  15750.1
OH	15755.522	-113.1	15755.15  15755.95
OH	15756.532	-113.1	15756.15  15756.9
Mg	15765.839	-113.4	15764.7	  15766.8
Fe	15769.423	-113.2	15768.7	  15770.1
OH	15778.786	-113.7	15778.3	  15779.2
Fe	15818.142	-113.5	15817.3   15818.9
Fe	15868.524	-113.7	15867.8	  15869.4
OH	15884.899	-113.5	15884.5	  15885.35
Fe	16042.716	-113.5	16042.15  16043.4
OH	16052.765	-113.5	16052.35  16053.2
OH	16055.464	-113.5	16055.05  16055.85
OH	16061.7	    -113.9	16061.25  16062.1
OH	16065.054	-113.4	16064.65  16065.5
OH	16069.524	-113.8	16069.05  16069.95
Fe	16125.899	-113.2	16125.35  16126.65
Ca	16150.762	-113.2	16150.2	  16151.7
Ca	16157.364	-113	16156.55  16157.9
OH	16190.132	-113.6	16189.65  16190.7
Ca	16197.075	-112.6	16196.2	  16197.8
OH	16247.882	-113.7	16247.45  16248.3
OH	16251.66	-114	16251.2	  16252.1
OH	16255.019	-114.1	16254.3	  16255.4
OH	16260.155	-113.9	16259.7   16260.65
Fe	16316.32	-113.3	16315.35  16317.2
OH	16346.185	-113.6	16345.6	  16346.7
OH	16347.489	-113.6	16347.1	  16347.85
OH	16352.218	-113.4	16351.7	  16352.75
OH	16354.582	-113.2	16354.1	  16355
OH	16368.135	-113.8	16367.85  16368.65
Fe	16394.389	-113.3	16393.75  16394.85
Ti	16401.512	-113.8	16401	  16402.1
OH	16448.054	-113.4	16447.6	  16448.5
OH	16450.375	-113.5	16449.95  16450.85
OH	16456.037	-113.6	16455.65  16456.6
OH	16534.581	-113.4	16534.1	  16535.05
OH	16605.459	-113.4	16605.1	  16605.9
OH	16607.516	-113.4	16607.2   16608
Ti	16635.16	-113.4	16634.7   16635.6
OH	16649.949	-113.2	16649.5	  16650.4
OH	16654.651	-113.3	16654.25  16655.15
OH	16655.986	-113.2	16655.65  16656.35
OH	16704.357	-113.5	16703.95  16705
OH	16714.362	-113.8	16713.95  16714.8
Al	16718.957	-113.4	16717.3	  16719.9
OH	16728.396	-113.2	16728.05  16728.8
OH	16729.784	-113.2	16729.45  16730.3
Al	16750.564	-112.9	16749.85  16751.25
Al	16763.359	-112.9	16762.45  16764

